1032620.375000
12131.500000
1034111.751000
2065292.876000
3092440.710000
13814.333000
13859.916000
13435.792001
1044543.126000
11668.084000
11993.667000
2042064.043000
12910.291000
12800.750000
1038074.500000
13648.542001
1020585.417000
14141.458000
15772.083000
11427.000000
11853.166000
13197.333000
14389.083000
1041731.542000
1046250.834001
13844.583000
13441.625000
12850.375000
13177.291000
12033.292000
8231198.793999
13478.583001
29003.833000
12007.125000
13553.457999
5126935.419000
4177102.127000
13800.584000
12232.584000
2109991.751000
9192799.087000
18534.916000
2107588.792000
13106.167000
1033269.376000
14433.750001
11680.542000
12409.500000
12542.417000
1035813.626000
