1032302.792000
12297.041000
1033957.293000
2064912.293000
3091925.668000
13605.708000
13452.500000
13896.542000
1044328.293000
12216.708000
11815.708000
2042246.626000
13469.042000
1052585.833000
14056.708000
1020911.543000
14323.334000
15915.874999
11405.750000
11887.667000
12880.583000
14066.542000
1041471.000000
1045747.209000
13497.125000
13355.542000
13212.834000
13353.625000
12453.458000
8231058.087000
13112.000000
28650.542000
12000.000000
13377.875000
2082918.584000
13874.625000
13208.416000
12088.791001
12981.875000
3100260.460001
1042655.209000
13056.917000
13719.667000
3135737.127001
12613.125000
13466.959001
11157634.880000
19321.750000
1041779.917000
16171.125000
